# freq, energy, cw_energy, ccw_energy
1.100900000000000522e-04 1.428708779444534969e+02 1.428673417116445989e+02 3.536232808882364999e-03
1.110247655036131480e-04 1.028615730753863602e+02 1.028528629838813373e+02 8.710091505030105943e-03
1.119674680273618822e-04 8.337929629825457312e+01 8.336426157889815158e+01 1.503471935642214548e-02
1.129181749638581857e-04 7.121101934165290004e+01 7.118882747949555778e+01 2.219186215734106696e-02
1.138769542779389285e-04 6.264404123944844116e+01 6.261406073681104090e+01 2.998050263739991672e-02
1.148438745115254759e-04 5.616888074666709940e+01 5.613062372099665964e+01 3.825702567043547803e-02
1.158190047885227652e-04 5.103932225465911188e+01 5.099241052008938624e+01 4.691173456972291128e-02
1.168024148197618439e-04 4.683786813089584911e+01 4.678201084966288192e+01 5.585728123296924974e-02
1.177941749079824431e-04 4.330991701316457920e+01 4.324489487412811428e+01 6.502213903646425486e-02
1.187943559528598130e-04 4.028999452570978690e+01 4.021564795888350119e+01 7.434656682628403013e-02
1.198030294560723381e-04 3.766513801063305777e+01 3.758135806971689163e+01 8.377994091616634831e-02
1.208202675264135641e-04 3.535515797991614306e+01 3.526187908075814192e+01 9.327889915799771059e-02
1.218461428849474570e-04 3.330128578359845903e+01 3.319847978672320465e+01 1.028059968752590286e-01
1.228807288702063124e-04 3.145929438911687015e+01 3.134696568788739057e+01 1.123287012294799520e-01
1.239240994434345810e-04 2.979514618857299979e+01 2.967332757030514756e+01 1.218186182678518414e-01
1.249763291938753697e-04 2.828213806447196887e+01 2.815088717922851558e+01 1.312508852434525752e-01
1.260374933441036195e-04 2.689896994049350454e+01 2.675836625687830406e+01 1.406036836152007863e-01
1.271076677554027314e-04 2.562840283777322981e+01 2.547854499549172402e+01 1.498578422815062539e-01
1.281869289331887484e-04 2.445630460571187470e+01 2.429730809602472874e+01 1.589965096871463202e-01
1.292753540324788548e-04 2.337095731921915842e+01 2.320295243976162780e+01 1.680048794575318416e-01
1.303730208634073357e-04 2.236254539356154680e+01 2.218567543525825414e+01 1.768699583032917189e-01
1.314800078967885916e-04 2.142277108448617540e+01 2.123719071670297964e+01 1.855803677831930898e-01
1.325963942697260141e-04 2.054456143651188071e+01 2.035043526297719652e+01 1.941261735346832551e-01
1.337222597912703830e-04 1.972184197006459883e+01 1.951934323302034713e+01 2.024987370442541679e-01
1.348576849481243416e-04 1.894935980587909441e+01 1.873866921977271716e+01 2.106905861063742835e-01
1.360027509103972881e-04 1.822254391031751908e+01 1.800384860939333720e+01 2.186953009241829615e-01
1.371575395374072118e-04 1.753739356115698200e+01 1.731088614774255774e+01 2.265074134144262064e-01
1.383221333835331086e-04 1.689038851273857134e+01 1.665626619499197147e+01 2.341223177466003891e-01
1.394966157041171333e-04 1.627841602184381742e+01 1.603687983133482930e+01 2.415361905089880301e-01
1.406810704614154062e-04 1.569871110194479513e+01 1.544996518276602160e+01 2.487459191787736446e-01
1.418755823306014569e-04 1.514880724946062607e+01 1.489305821166179555e+01 2.557490377988305141e-01
1.430802367058185394e-04 1.462649552935938679e+01 1.436395186041552741e+01 2.625436689438571114e-01
1.442951197062853979e-04 1.412979038567626766e+01 1.386066191447244478e+01 2.691284712038226612e-01
1.455203181824516075e-04 1.365690090147838553e+01 1.338139830994774648e+01 2.755025915306387740e-01
1.467559197222077761e-04 1.320620650481314051e+01 1.292454088292250880e+01 2.816656218906309905e-01
1.480020126571458361e-04 1.277623632515508589e+01 1.248861876541012528e+01 2.876175597449605603e-01
1.492586860688743593e-04 1.236565156521356279e+01 1.207229279326728744e+01 2.933587719462748544e-01
1.505260297953871880e-04 1.197323037757499087e+01 1.167434041588000682e+01 2.988899616949819427e-01
1.518041344374850010e-04 1.159785483320832888e+01 1.129364269496345408e+01 3.042121382448748634e-01
1.530930913652532328e-04 1.123849964577044247e+01 1.092917305668349925e+01 3.093265890869416612e-01
1.543929927245929273e-04 1.089422237668607885e+01 1.057998752231272199e+01 3.142348543733565203e-01
1.557039314438093535e-04 1.056415489471550906e+01 1.024521619134353223e+01 3.189387033719761622e-01
1.570260012402540175e-04 1.024749590288013934e+01 9.924055790114268305e+00 3.234401127658703690e-01
1.583592966270257099e-04 9.943504377244144266e+00 9.615763130610817555e+00 3.277412466333268215e-01
1.597039129197260062e-04 9.651493787742174035e+00 9.319649349780423364e+00 3.318444379617515594e-01
1.610599462432737495e-04 9.370826992211087614e+00 9.035074820646519456e+00 3.357521715645690463e-01
1.624274935387773464e-04 9.100911711986416464e+00 8.761444643702590795e+00 3.394670682838253351e-01
1.638066525704638763e-04 8.841196511598919727e+00 8.498204641225809652e+00 3.429918703731094087e-01
1.651975219326693768e-04 8.591167216838378806e+00 8.244837788872510842e+00 3.463294279658687413e-01
1.666002010568859947e-04 8.350343715205518436e+00 8.000861028662157537e+00 3.494826865433600660e-01
1.680147902188714793e-04 8.118277090910176241e+00 7.765822415585557081e+00 3.524546753246187158e-01
1.694413905458164366e-04 7.894547053394335379e+00 7.539298556886343761e+00 3.552484965079917290e-01
1.708801040235751985e-04 7.678759624090671032e+00 7.320892308790489800e+00 3.578673153001819540e-01
1.723310335039553750e-04 7.470545050968059542e+00 7.110230700293647566e+00 3.603143506744119207e-01
1.737942827120711844e-04 7.269555924511261757e+00 6.906963057706853704e+00 3.625928668044081649e-01
1.752699562537591248e-04 7.075465472264268030e+00 6.710759307138828511e+00 3.647061651254400183e-01
1.767581596230548768e-04 6.887966012033492014e+00 6.521308435055772179e+00 3.666575769777190574e-01
1.782589992097363956e-04 6.706767546382305767e+00 6.338317089591164688e+00 3.684504567911419115e-01
1.797725823069280988e-04 6.531596483224411998e+00 6.161508307450758615e+00 3.700881757736536604e-01
1.812990171187725996e-04 6.362194469191422286e+00 5.990620353122918296e+00 3.715741160685039346e-01
1.828384127681646190e-04 6.198317324063393308e+00 5.825405658715036239e+00 3.729116653483572352e-01
1.843908793045534737e-04 6.039734065943012098e+00 5.665629854126319032e+00 3.741042118166939545e-01
1.859565277118092072e-04 5.886226018062632903e+00 5.511070878473496748e+00 3.751551395891360441e-01
1.875354699161569977e-04 5.737585989161423150e+00 5.361518164732030023e+00 3.760678244293929606e-01
1.891278187941794649e-04 5.593617520283699740e+00 5.216771890467353678e+00 3.768456298163465057e-01
1.907336881808845705e-04 5.454134191646984320e+00 5.076642288326477903e+00 3.774919033205057506e-01
1.923531928778451309e-04 5.318958983924797934e+00 4.940949010655203644e+00 3.780099732695937909e-01
1.939864486614042212e-04 5.187923688901762809e+00 4.809520543217302269e+00 3.784031456844607622e-01
1.956335722909536287e-04 5.060868364994314916e+00 4.682193663526504679e+00 3.786747014678096268e-01
1.972946815172789837e-04 4.937640833604358015e+00 4.558812939774933959e+00 3.788278938294238340e-01
1.989698950909794296e-04 4.818096212688865343e+00 4.439230266756175602e+00 3.788659459326895185e-01
2.006593327709554897e-04 4.702096484297989321e+00 4.323304435549777835e+00 3.787920487482111520e-01
2.023631153329709842e-04 4.589510093159589132e+00 4.210900734058315109e+00 3.786093591012740234e-01
2.040813645782878878e-04 4.480211573677753023e+00 4.101890575776995895e+00 3.783209979007571278e-01
2.058142033423722287e-04 4.374081202970072191e+00 3.996151154432158403e+00 3.779300485379139540e-01
2.075617555036771567e-04 4.271004677796536697e+00 3.893565122352363517e+00 3.774395554441730694e-01
2.093241459924971072e-04 4.170872813437709326e+00 3.794020290639900761e+00 3.768525227978083425e-01
2.111015007999006508e-04 4.073581262760972876e+00 3.697409349391012956e+00 3.761719133699600870e-01
2.128939469867357419e-04 3.979030253877334111e+00 3.603629606376246297e+00 3.754006475010877586e-01
2.147016126927147901e-04 3.887124344936300879e+00 3.512582742736814811e+00 3.745416021994854017e-01
2.165246271455738107e-04 3.797772194737874862e+00 3.424174584383866460e+00 3.735976103540084026e-01
2.183631206703112368e-04 3.710886347957614628e+00 3.338314887903976569e+00 3.725714600536383925e-01
2.202172246985055254e-04 3.626383033886726448e+00 3.254917139879767163e+00 3.714658940069595627e-01
2.220870717777093627e-04 3.544181977684434326e+00 3.173898368629394451e+00 3.702836090550398751e-01
2.239727955809271633e-04 3.464206223225355874e+00 3.095178967453756425e+00 3.690272557715997825e-01
2.258745309161693307e-04 3.386381966702732615e+00 3.018682528558015665e+00 3.676994381447170057e-01
2.277924137360914111e-04 3.310638400217911670e+00 2.944335686883257974e+00 3.663027133346539177e-01
2.297265811477113093e-04 3.236907564650628455e+00 2.872067973147906628e+00 3.648395915027214942e-01
2.316771714222126449e-04 3.165124211161556289e+00 2.801811675455173845e+00 3.633125357063822780e-01
2.336443240048281496e-04 3.095225670731500678e+00 2.733501708875412106e+00 3.617239618560880721e-01
2.356281795248089603e-04 3.027151731188571393e+00 2.667075492458970132e+00 3.600762387296012612e-01
2.376288798054788053e-04 2.960844521218204406e+00 2.602472833178402833e+00 3.583716880398016835e-01
2.396465678743711321e-04 2.896248400890227170e+00 2.539635816338013274e+00 3.566125845522142290e-01
2.416813879734558174e-04 2.833309858272795356e+00 2.478508702024092791e+00 3.548011562487025650e-01
2.437334855694490076e-04 2.771977411736195940e+00 2.419037827202202173e+00 3.529395845339934890e-01
2.458030073642142235e-04 2.712201517578961329e+00 2.361171513097086283e+00 3.510300044818749354e-01
2.478901013052478412e-04 2.653934482636596037e+00 2.304859977518491032e+00 3.490745051181050607e-01
2.499949165962579516e-04 2.597130381557768875e+00 2.250055251820540558e+00 3.470751297372280941e-01
2.521176037078285727e-04 2.541744978456314641e+00 2.196711102205644472e+00 3.450338762506703350e-01
2.542583143881778081e-04 2.487735652667956376e+00 2.144782955104333144e+00 3.429526975636231767e-01
2.564172016740064826e-04 2.435061328360359489e+00 2.094227826381980240e+00 3.408335019783793607e-01
2.585944199014370373e-04 2.383682407762780731e+00 2.045004254140866617e+00 3.386781536219140021e-01
2.607901247170488646e-04 2.333560707797802447e+00 1.997072234902170562e+00 3.364884728956317739e-01
2.630044730890029273e-04 2.284659399912985389e+00 1.950393162967659411e+00 3.342662369453258675e-01
2.652376233182656903e-04 2.236942952923775874e+00 1.904929772774275776e+00 3.320131801495003199e-01
2.674897350499234753e-04 2.190377078692175683e+00 1.860646084067852701e+00 3.297309946243231482e-01
2.697609692845975913e-04 2.144928680477124150e+00 1.817507349733552990e+00 3.274213307435713260e-01
2.720514883899520574e-04 2.100565803803790210e+00 1.775480006131758604e+00 3.250857976720318288e-01
2.743614561123018832e-04 2.057257589708759937e+00 1.734531625797854248e+00 3.227259639109055223e-01
2.766910375883200137e-04 2.014974230227604135e+00 1.694630872373751762e+00 3.203433578538524840e-01
2.790403993568407130e-04 1.973686925999971642e+00 1.655747457647573473e+00 3.179394683523979470e-01
2.814097093707674103e-04 1.933367845875151758e+00 1.617852100585665198e+00 3.155157452894866710e-01
2.837991370090776921e-04 1.893990088408766814e+00 1.580916488248707452e+00 3.130736001600595841e-01
2.862088530889325385e-04 1.855527645147870386e+00 1.544913238490287721e+00 3.106144066575827756e-01
2.886390298778888312e-04 1.817955365608264540e+00 1.509815864342739289e+00 3.081395012655253063e-01
2.910898411062126374e-04 1.781248923853834487e+00 1.475598740000978237e+00 3.056501838528563053e-01
2.935614619793010228e-04 1.745384786593040527e+00 1.442237068320372018e+00 3.031477182726686204e-01
2.960540691902052365e-04 1.710340182713080637e+00 1.409706849749969848e+00 3.006333329631107332e-01
2.985678409322643236e-04 1.676093074176816522e+00 1.377984852626967571e+00 2.981082215498488397e-01
3.011029569118418435e-04 1.642622128212202659e+00 1.347048584762867263e+00 2.955735434493355629e-01
3.036595983611750215e-04 1.609906690727930023e+00 1.316876266255726735e+00 2.930304244722032325e-01
3.062379480513287961e-04 1.577926760893086922e+00 1.287446803466932854e+00 2.904799574261541228e-01
3.088381903052628947e-04 1.546662966822053065e+00 1.258739764104306547e+00 2.879232027177464071e-01
3.114605110110096062e-04 1.516096542309371964e+00 1.230735353356844364e+00 2.853611889525276002e-01
3.141050976349605704e-04 1.486209304562499556e+00 1.203414391029497876e+00 2.827949135330015129e-01
3.167721392352710404e-04 1.456983632883151802e+00 1.176758289629211029e+00 2.802253432539407174e-01
3.194618264753729445e-04 1.428402448250962076e+00 1.150749033356355033e+00 2.776534148946070979e-01
3.221743516376075907e-04 1.400449193765511691e+00 1.125369157958055144e+00 2.750800358074566021e-01
3.249099086369691214e-04 1.373107815905454610e+00 1.100601731402503169e+00 2.725060845029513845e-01
3.276686930349699957e-04 1.346362746565505475e+00 1.076430335335391231e+00 2.699324112301141332e-01
3.304509020536190657e-04 1.320198885834424241e+00 1.052839047281920459e+00 2.673598385525037258e-01
3.332567345895216804e-04 1.294601585478929007e+00 1.029812423559627543e+00 2.647891619193016854e-01
3.360863912280994304e-04 1.269556633100469734e+00 1.007335482869239796e+00 2.622211502312299936e-01
3.389400742579278003e-04 1.245050236933558319e+00 9.853936905325092477e-01 2.596565464010490709e-01
3.418179876851997509e-04 1.221069011255910386e+00 9.639729433475200393e-01 2.570960679083902356e-01
3.447203372483074795e-04 1.197599962382367655e+00 9.430595550336496879e-01 2.545404073487181340e-01
3.476473304325529835e-04 1.174630475215862724e+00 9.226402422396455805e-01 2.519902329762171433e-01
3.505991764849781568e-04 1.152148300330252617e+00 9.027021110898183487e-01 2.494461892404341297e-01
3.535760864293265634e-04 1.130141541560954588e+00 8.832326442444483616e-01 2.469088973165061984e-01
3.565782730811265324e-04 1.108598644080740714e+00 8.642196884519004474e-01 2.443789556288404052e-01
3.596059510629062012e-04 1.087508382939015972e+00 8.456514425709090732e-01 2.418569403681069541e-01
3.626593368195374693e-04 1.066859852044130141e+00 8.275164460426913671e-01 2.393434060014387743e-01
3.657386486337086480e-04 1.046642453569226028e+00 8.098035677934951604e-01 2.368388857757308397e-01
3.688441066415282439e-04 1.026845887763142562e+00 7.925019955491831025e-01 2.343438922139595149e-01
3.719759328482631828e-04 1.007460143148737108e+00 7.756012255443001102e-01 2.318589176044370537e-01
3.751343511442106087e-04 9.884754870919248981e-01 7.590910526089815757e-01 2.293844344829433779e-01
3.783195873207011953e-04 9.698824567255375229e-01 7.429615606178545661e-01 2.269208961076829012e-01
3.815318690862432960e-04 9.516718502128066470e-01 7.272031132857892377e-01 2.244687369270174371e-01
3.847714260827992576e-04 9.338347183361165316e-01 7.118063452961677084e-01 2.220283730399489619e-01
3.880384899022031151e-04 9.163623563972539410e-01 6.967621537479311566e-01 2.196002026493229231e-01
3.913332941027180926e-04 8.992462964161002104e-01 6.820616899083629114e-01 2.171846065077372157e-01
3.946560742257306615e-04 8.824782996153308634e-01 6.676963512591777006e-01 2.147819483561531351e-01
3.980070678125921025e-04 8.660503491792018727e-01 6.536577738240022528e-01 2.123925753551995921e-01
4.013865144215971121e-04 8.499546432751686753e-01 6.399378247659813779e-01 2.100168185091874362e-01
4.047946556451125161e-04 8.341835883274861807e-01 6.265285952446484341e-01 2.076549930828377466e-01
4.082317351268451413e-04 8.187297925325517367e-01 6.134223935218003909e-01 2.053073990107512903e-01
4.116979985792630463e-04 8.035860596061161765e-01 6.006117383064790705e-01 2.029743212996370505e-01
4.151936938011582963e-04 7.887453827530399586e-01 5.880893523297024972e-01 2.006560304233374614e-01
4.187190706953627722e-04 7.742009388506082557e-01 5.758481561399276805e-01 1.983527827106805475e-01
4.222743812866149547e-04 7.599460828368694854e-01 5.638812621106688017e-01 1.960648207262007114e-01
4.258598797395738355e-04 7.459743422958579062e-01 5.521819686520820225e-01 1.937923736437758560e-01
4.294758223769920428e-04 7.322794122318575516e-01 5.407437546186342203e-01 1.915356576132232758e-01
4.331224676980369062e-04 7.188551500253055337e-01 5.295602739053917318e-01 1.892948761199138019e-01
4.368000763967733397e-04 7.056955705631611231e-01 5.186253502257083259e-01 1.870702203374527417e-01
4.405089113807974816e-04 6.927948415369782342e-01 5.079329720634832013e-01 1.848618694734950330e-01
4.442492377900347008e-04 6.801472789021189014e-01 4.974772877933715809e-01 1.826699911087473205e-01
4.480213230156912876e-04 6.677473424919201372e-01 4.872526009626897414e-01 1.804947415292304236e-01
4.518254367193711069e-04 6.555896317808211915e-01 4.772533657289574904e-01 1.783362660518636733e-01
4.556618508523549351e-04 6.436688817907513238e-01 4.674741824473094831e-01 1.761946993434418685e-01
4.595308396750383620e-04 6.319799591353379986e-01 4.579097934022576810e-01 1.740701657330803176e-01
4.634326797765424603e-04 6.205178581966630524e-01 4.485550786784690547e-01 1.719627795181939700e-01
4.673676500944825857e-04 6.092776974296096881e-01 4.394050521655141206e-01 1.698726452640955120e-01
4.713360319349134690e-04 5.982547157889478440e-01 4.304548576916691904e-01 1.677998580972786813e-01
4.753381089924353111e-04 5.874442692746152384e-01 4.216997652821401488e-01 1.657445039924751173e-01
4.793741673704788263e-04 5.768418275907402082e-01 4.131351675371844889e-01 1.637066600535557470e-01
4.834444956017547594e-04 5.664429709142261293e-01 4.047565761258620776e-01 1.616863947883640518e-01
4.875493846688825662e-04 5.562433867688176825e-01 3.965596183912606376e-01 1.596837683775571004e-01
4.916891280251933262e-04 5.462388670007812808e-01 3.885400340632421678e-01 1.576988329375391407e-01
4.958640216157055849e-04 5.364253048524860734e-01 3.806936720749135028e-01 1.557316327775726261e-01
5.000743638982855111e-04 5.267986921302916237e-01 3.730164874791463969e-01 1.537822046511452267e-01
5.043204558649792791e-04 5.173551164633429789e-01 3.655045384616606996e-01 1.518505780016823070e-01
5.086026010635351325e-04 5.080907586499573414e-01 3.581539834472734496e-01 1.499367752026838918e-01
5.129211056190989201e-04 4.990018900884778952e-01 3.509610782961014586e-01 1.480408117923764089e-01
5.172762782561033789e-04 4.900848702895304609e-01 3.439221735865731766e-01 1.461626967029572566e-01
5.216684303203342503e-04 4.813361444668123879e-01 3.370337119822877092e-01 1.443024324845247341e-01
5.260978758011897096e-04 4.727522412035873867e-01 3.302922256798159761e-01 1.424600155237714383e-01
5.305649313541288808e-04 4.643297701922159959e-01 3.236943339346876614e-01 1.406354362575283345e-01
5.350699163233052068e-04 4.560654200441610628e-01 3.172367406629131303e-01 1.388286793812479325e-01
5.396131527644003984e-04 4.479559561679528068e-01 3.109162321154504416e-01 1.370397240525024207e-01
5.441949654676437806e-04 4.399982187127794431e-01 3.047296746231885067e-01 1.352685440895909363e-01
5.488156819810328674e-04 4.321891205753774501e-01 2.986740124100457083e-01 1.335151081653316862e-01
5.534756326337506114e-04 4.245256454680426117e-01 2.927462654719165669e-01 1.317793799961260726e-01
5.581751505597790011e-04 4.170048460456451944e-01 2.869435275192674939e-01 1.300613185263777005e-01
5.629145717217131284e-04 4.096238420896154975e-01 2.812629639812664895e-01 1.283608781083490635e-01
5.676942349347799529e-04 4.023798187469375121e-01 2.757018100694022533e-01 1.266780086775352865e-01
5.725144818910616554e-04 3.952700248222752455e-01 2.702573688986367739e-01 1.250126559236384438e-01
5.773756571839185926e-04 3.882917711214300960e-01 2.649270096642054040e-01 1.233647614572247198e-01
5.822781083326284421e-04 3.814424288443670763e-01 2.597081658722272812e-01 1.217342629721397534e-01
5.872221858072258164e-04 3.747194280261576527e-01 2.545983336223906490e-01 1.201210944037670036e-01
5.922082430535588254e-04 3.681202560242081701e-01 2.495950699410043327e-01 1.185251860832038096e-01
5.972366365185576009e-04 3.616424560502269903e-01 2.446959911627925588e-01 1.169464648874344037e-01
6.023077256757149991e-04 3.552836257454401458e-01 2.398987713598618732e-01 1.153848543855782588e-01
6.074218730507837099e-04 3.490414157976110543e-01 2.352011408163220130e-01 1.138402749812890274e-01
6.125794442476940015e-04 3.429135285984736825e-01 2.306008845470950974e-01 1.123126440513785851e-01
6.177808079746921000e-04 3.368977169402495031e-01 2.260958408595070135e-01 1.108018760807425035e-01
6.230263360706944338e-04 3.309917827499651577e-01 2.216838999563034429e-01 1.093078827936617425e-01
6.283164035318747646e-04 3.251935758603158866e-01 2.173630025787664510e-01 1.078305732815494217e-01
6.336513885384678331e-04 3.195009928159006640e-01 2.131311386886799719e-01 1.063698541272206782e-01
6.390316724818071933e-04 3.139119757136592526e-01 2.089863461879080675e-01 1.049256295257511851e-01
6.444576399915909453e-04 3.084245110764113340e-01 2.049267096744133154e-01 1.034978014019980325e-01
6.499296789633780781e-04 3.030366287584264073e-01 2.009503592335747935e-01 1.020862695248516278e-01
6.554481805863165067e-04 2.977464008819937780e-01 1.970554692637067062e-01 1.006909316182870717e-01
6.610135393711106091e-04 2.925519408039923830e-01 1.932402573347108132e-01 9.931168346928156976e-02
6.666261531782257700e-04 2.874514021115061047e-01 1.895029830788407810e-01 9.794841903266532368e-02
6.722864232463265704e-04 2.824429776455633645e-01 1.858419471125906386e-01 9.660103053297272591e-02
6.779947542209664030e-04 2.775248985520940570e-01 1.822554899887392221e-01 9.526940856335484875e-02
6.837515541835096494e-04 2.726954333592638835e-01 1.787419911776416681e-01 9.395344218162218763e-02
6.895572346803077778e-04 2.679528870803331020e-01 1.752998680768579065e-01 9.265301900347516773e-02
6.954122107521209031e-04 2.632956003412535440e-01 1.719275750482658904e-01 9.136802529298762576e-02
7.013169009637877389e-04 2.587219485322244106e-01 1.686236024818211776e-01 9.009834605040323297e-02
7.072717274341464326e-04 2.542303409824613891e-01 1.653864758851566197e-01 8.884386509730478332e-02
7.132771158662128998e-04 2.498192201574542803e-01 1.622147549982397297e-01 8.760446515921457844e-02
7.193334955776160052e-04 2.454870608780199415e-01 1.591070329323356902e-01 8.638002794568425124e-02
7.254412995312838454e-04 2.412323695604833007e-01 1.560619353325501946e-01 8.517043422793309226e-02
7.316009643664015153e-04 2.370536834773235013e-01 1.530781195632369973e-01 8.397556391408651788e-02
7.378129304296205185e-04 2.329495700376752743e-01 1.501542739156004336e-01 8.279529612207486844e-02
7.440776418065412874e-04 2.289186260870667844e-01 1.472891168368233028e-01 8.162950925024348159e-02
7.503955463534614425e-04 2.249594772258122211e-01 1.444813961800848479e-01 8.047808104572737320e-02
7.567670957293913059e-04 2.210707771454994697e-01 1.417298884748540155e-01 7.934088867064541251e-02
7.631927454283403585e-04 2.172512069830208892e-01 1.390333982168577009e-01 7.821780876616318823e-02
7.696729548118819023e-04 2.134994746916189512e-01 1.363907571771437732e-01 7.710871751447517797e-02
7.762081871419945203e-04 2.098143144284390083e-01 1.338008237296823555e-01 7.601349069875663889e-02
7.827989096141745864e-04 2.061944859580990552e-01 1.312624821969642641e-01 7.493200376113480499e-02
7.894455933908416188e-04 2.026387740717904840e-01 1.287746422130662538e-01 7.386413185872424403e-02
7.961487136350156590e-04 1.991459880214604128e-01 1.263362381036833293e-01 7.280974991777708349e-02
8.029087495442885792e-04 1.957149609686210934e-01 1.239462282826296335e-01 7.176873268599145983e-02
8.097261843850828101e-04 1.923445494473583761e-01 1.216035946643343052e-01 7.074095478302407092e-02
8.166015055271977092e-04 1.890336328411245104e-01 1.193073420918723676e-01 6.972629074925214276e-02
8.235352044786495296e-04 1.857811128729111860e-01 1.170564977800833961e-01 6.872461509282777603e-02
8.305277769208105213e-04 1.825859131084092424e-01 1.148501107733426868e-01 6.773580233506655557e-02
8.375797227438466211e-04 1.794469784717817040e-01 1.126872514175686485e-01 6.675972705421304165e-02
8.446915460824483109e-04 1.763632747736871842e-01 1.105670108460618389e-01 6.579626392762534526e-02
8.518637553518777382e-04 1.733337882511916117e-01 1.084885004787757151e-01 6.484528777241589659e-02
8.590968632843079197e-04 1.703575251192387119e-01 1.064508515346469369e-01 6.390667358459177494e-02
8.663913869654803765e-04 1.674335111333373483e-01 1.044532145566074433e-01 6.298029657672990500e-02
8.737478478716728496e-04 1.645607911631511711e-01 1.024947589489245831e-01 6.206603221422659494e-02
8.811667719069768813e-04 1.617384287766805151e-01 1.005746725265219410e-01 6.116375625015856715e-02
8.886486894408923091e-04 1.589655058347362593e-01 9.869216107594427911e-02 6.027334475879198711e-02
8.961941353462445255e-04 1.562411220954117164e-01 9.684644792763819066e-02 5.939467416777353265e-02
9.038036490374247228e-04 1.535643948282744975e-01 9.503677353923445370e-02 5.852762128904005073e-02
9.114777745089454233e-04 1.509344584380078735e-01 9.326239508952664792e-02 5.767206334848123256e-02
9.192170603743373162e-04 1.483504640972298227e-01 9.152258608284376262e-02 5.682787801438606706e-02
9.270220599053624654e-04 1.458115793882447941e-01 8.981663596353492429e-02 5.599494342470986985e-02
9.348933310715699073e-04 1.433169879534702540e-01 8.814384974028049990e-02 5.517313821318976103e-02
9.428314365801868102e-04 1.408658891543043135e-01 8.650354761996158215e-02 5.436234153434273131e-02
9.508369439163392306e-04 1.384574977382019567e-01 8.489506465082539977e-02 5.356243308737656389e-02
9.589104253836285962e-04 1.360910435137292762e-01 8.331775037468738820e-02 5.277329313904189495e-02
9.670524581450370277e-04 1.337657710333849947e-01 8.177096848792743400e-02 5.199480254545756769e-02
9.752636242641961935e-04 1.314809392839695334e-01 8.025409651103451725e-02 5.122684277293500232e-02
9.835445107469896649e-04 1.292358213843046166e-01 7.876652546647201769e-02 5.046929591783259894e-02
9.918957095835260682e-04 1.270297042900960516e-01 7.730765956463141186e-02 4.972204472546465359e-02
1.000317817790452243e-03 1.248618885057554556e-01 7.587691589766076827e-02 4.898497260809469428e-02
1.008811437453636332e-03 1.227316878029868913e-01 7.447372414094995119e-02 4.825796366203694704e-02
1.017377175771212771e-03 1.206384289459601633e-01 7.309752626206744708e-02 4.754090268389270235e-02
1.026015645096983774e-03 1.185814514228970273e-01 7.174777623694957029e-02 4.683367518594746398e-02
1.034727462984203102e-03 1.165601071838941183e-01 7.042393977314291564e-02 4.613616741075119571e-02
1.043513252229716966e-03 1.145737603848236974e-01 6.912549403991545549e-02 4.544826634490824191e-02
1.052373640918493735e-03 1.126217871371458928e-01 6.785192740504794595e-02 4.476985973209793995e-02
1.061309262468518354e-03 1.107035752634818737e-01 6.660273917813101796e-02 4.410083608535086269e-02
1.070320755676081427e-03 1.088185240587920405e-01 6.537743936019096980e-02 4.344108469860106375e-02
1.079408764761439739e-03 1.069660440570174981e-01 6.417554839947936518e-02 4.279049565753814677e-02
1.088573939414873163e-03 1.051455568030380816e-01 6.299659695325950104e-02 4.214895984977857363e-02
1.097816934843133833e-03 1.033564946298111548e-01 6.184012565543310636e-02 4.151636897437804147e-02
1.107138411816278476e-03 1.015983004405587864e-01 6.070568488985303435e-02 4.089261555070575205e-02
1.116539036714914472e-03 9.987042749586816370e-02 5.959283456916964622e-02 4.027759292669852442e-02
1.126019481577831237e-03 9.817233920558528226e-02 5.850114391906881955e-02 3.967119528651646965e-02
1.135580424150045781e-03 9.650350892537375158e-02 5.743019126775662786e-02 3.907331765761712372e-02
1.145222547931258085e-03 9.486341975782225378e-02 5.637956384055493875e-02 3.848385591726732197e-02
1.154946542224709154e-03 9.325156435798555299e-02 5.534885755947453051e-02 3.790270679851102942e-02
1.164753102186457572e-03 9.166744474324574343e-02 5.433767684763532446e-02 3.732976789561041203e-02
1.174642928875076946e-03 9.011057210738400436e-02 5.334563443840718150e-02 3.676493766897683674e-02
1.184616729301776186e-03 8.858046663875766835e-02 5.237235118914878446e-02 3.620811544960887696e-02
1.194675216480941106e-03 8.707665734248010159e-02 5.141745589942626343e-02 3.565920144305384509e-02
1.204819109481103639e-03 8.559868186650343436e-02 5.048058513359496985e-02 3.511809673290846451e-02
1.215049133476350796e-03 8.414608633150491568e-02 4.956138304763110791e-02 3.458470328387380083e-02
1.225366019798165146e-03 8.271842516448492388e-02 4.865950122010485879e-02 3.405892394438007204e-02
1.235770505987708731e-03 8.131526093598333282e-02 4.777459848718763891e-02 3.354066244879569392e-02
1.246263335848548032e-03 7.993616420082587382e-02 4.690634078159069964e-02 3.302982341923517418e-02
1.256845259499824331e-03 7.858071334231353511e-02 4.605440097533392008e-02 3.252631236697961503e-02
1.267517033429880948e-03 7.724849441977020559e-02 4.521845872624676715e-02 3.203003569352343843e-02
1.278279420550346938e-03 7.593910101936644785e-02 4.439820032810612438e-02 3.154090069126031654e-02
1.289133190250673971e-03 7.465213410814133810e-02 4.359331856431936103e-02 3.105881554382197360e-02
1.300079118453135747e-03 7.338720189114344983e-02 4.280351256506162438e-02 3.058368932608182891e-02
1.311117987668302494e-03 7.214391967161513930e-02 4.202848766777963346e-02 3.011543200383550237e-02
1.322250587050978433e-03 7.092190971414857881e-02 4.126795528097765980e-02 2.965395443317091900e-02
1.333477712456621490e-03 6.972080111074041575e-02 4.052163275120175545e-02 2.919916835953866377e-02
1.344800166498236150e-03 6.854022964967726450e-02 3.978924323314255579e-02 2.875098641653471565e-02
1.356218758603746841e-03 6.737983768718409927e-02 3.907051556277786608e-02 2.830932212440622972e-02
1.367734305073867651e-03 6.623927402176875423e-02 3.836518413347806550e-02 2.787408988829068526e-02
1.379347629140459733e-03 6.511819377120001140e-02 3.767298877500070697e-02 2.744520499619930096e-02
1.391059561025381145e-03 6.401625825205690956e-02 3.699367463530217615e-02 2.702258361675473342e-02
1.402870937999835645e-03 6.293313486178889193e-02 3.632699206509586165e-02 2.660614279669303028e-02
1.414782604444231925e-03 6.186849696322661851e-02 3.567269650508780171e-02 2.619580045813881680e-02
1.426795411908544616e-03 6.082202377148812622e-02 3.503054837582425529e-02 2.579147539566387093e-02
1.438910219173195060e-03 5.979340024322275099e-02 3.440031297008536854e-02 2.539308727313738245e-02
1.451127892310441437e-03 5.878231696813993740e-02 3.378176034776261133e-02 2.500055662037731913e-02
1.463449304746290182e-03 5.778847006276962434e-02 3.317466523315838745e-02 2.461380482961124036e-02
1.475875337322938435e-03 5.681156106640194298e-02 3.257880691464738743e-02 2.423275415175454861e-02
1.488406878361749064e-03 5.585129683915656534e-02 3.199396914664199426e-02 2.385732769251456761e-02
1.501044823726750427e-03 5.490738946213380434e-02 3.141994005380534249e-02 2.348744940832847225e-02
1.513790076888679335e-03 5.397955613959894150e-02 3.085651203745646762e-02 2.312304410214246347e-02
1.526643548989572606e-03 5.306751910315293114e-02 3.030348168411355070e-02 2.276403741903937350e-02
1.539606158907900731e-03 5.217100551784600165e-02 2.976064967612357393e-02 2.241035584172242426e-02
1.552678833324261853e-03 5.128974739018822560e-02 2.922782070432675475e-02 2.206192668586146738e-02
1.565862506787625650e-03 5.042348147801627156e-02 2.870480338270700246e-02 2.171867809530926563e-02
1.579158121782141006e-03 4.957194920217319195e-02 2.819141016497939134e-02 2.138053903719379714e-02
1.592566628794514624e-03 4.873489655996086217e-02 2.768745726306776067e-02 2.104743929689310497e-02
1.606088986381965780e-03 4.791207404032510331e-02 2.719276456742639181e-02 2.071930947289870803e-02
1.619726161240741180e-03 4.710323654073674676e-02 2.670715556916227612e-02 2.039608097157447064e-02
1.633479128275235667e-03 4.630814328572750022e-02 2.623045728391235759e-02 2.007768600181514262e-02
1.647348870667675194e-03 4.552655774704796043e-02 2.576250017743591386e-02 1.976405756961204657e-02
1.661336379948408692e-03 4.475824756540853350e-02 2.530311809287863478e-02 1.945512947252990218e-02
1.675442656066793851e-03 4.400298447377017780e-02 2.485214817966939493e-02 1.915083629410078286e-02
1.689668707462680308e-03 4.326054422215085127e-02 2.440943082401039743e-02 1.885111339814045384e-02
1.704015551138496733e-03 4.253070650391421043e-02 2.397480958092245221e-02 1.855589692299175822e-02
1.718484212731959376e-03 4.181325488350780967e-02 2.354813110780788060e-02 1.826512377569993253e-02
1.733075726589399044e-03 4.110797672561958271e-02 2.312924509949512361e-02 1.797873162612445910e-02
1.747791135839692200e-03 4.041466312572280367e-02 2.271800422473027603e-02 1.769665890099253111e-02
1.762631492468847132e-03 3.973310884197721327e-02 2.231426406407971755e-02 1.741884477789749225e-02
1.777597857395197710e-03 3.906311222845966491e-02 2.191788304921206756e-02 1.714522917924759735e-02
1.792691300545251132e-03 3.840447516969363456e-02 2.152872240352533481e-02 1.687575276616830322e-02
1.807912900930179695e-03 3.775700301645062290e-02 2.114664608408810959e-02 1.661035693236251679e-02
1.823263746722954617e-03 3.712050452279640200e-02 2.077152072486380258e-02 1.634898379793259596e-02
1.838744935336134511e-03 3.649479178435528770e-02 2.040321558118751363e-02 1.609157620316777060e-02
1.854357573500320855e-03 3.587968017776636820e-02 2.004160247546591528e-02 1.583807770230045292e-02
1.870102777343283715e-03 3.527498830130611912e-02 1.968655574407129558e-02 1.558843255723482181e-02
1.885981672469737780e-03 3.468053791665443725e-02 1.933795218540269520e-02 1.534258573125174205e-02
1.901995394041826369e-03 3.409615389177714229e-02 1.899567100908516881e-02 1.510048288269197521e-02
1.918145086860259226e-03 3.352166414490425489e-02 1.865959378628214566e-02 1.486207035862211097e-02
1.934431905446158933e-03 3.295689958957924437e-02 1.832960440109389702e-02 1.462729518848534735e-02
1.950857014123599060e-03 3.240169408075727064e-02 1.800558900301698143e-02 1.439610507774028748e-02
1.967421587102837714e-03 3.185588436193093759e-02 1.768743596044030850e-02 1.416844840149062909e-02
1.984126808564255166e-03 3.131931001326210967e-02 1.737503581515355278e-02 1.394427419810855516e-02
2.000973872743015951e-03 3.079181340069803846e-02 1.706828123784410317e-02 1.372353216285393182e-02
2.017963984014439598e-03 3.027323962605251231e-02 1.676706698456015970e-02 1.350617264149235087e-02
2.035098356980105140e-03 2.976343647803144851e-02 1.647128985411730126e-02 1.329214662391414899e-02
2.052378216554677504e-03 2.926225438418368976e-02 1.618084864642690968e-02 1.308140573775677835e-02
2.069804798053471572e-03 2.876954636375818677e-02 1.589564412172525185e-02 1.287390224203293666e-02
2.087379347280767829e-03 2.828516798144827329e-02 1.561557896068210653e-02 1.266958902076616329e-02
2.105103120618874793e-03 2.780897730200568643e-02 1.534055772536921727e-02 1.246841957663646569e-02
2.122977385117946498e-03 2.734083484570614536e-02 1.507048682106853360e-02 1.227034802463761176e-02
2.141003418586553703e-03 2.688060354464956100e-02 1.480527445890126095e-02 1.207532908574829658e-02
2.159182509683042241e-03 2.642814869987720333e-02 1.454483061925856274e-02 1.188331808061864059e-02
2.177515958007651166e-03 2.598333793929013050e-02 1.428906701601601395e-02 1.169427092327412002e-02
2.196005074195427585e-03 2.554604117635187951e-02 1.403789706151357779e-02 1.150814411483830346e-02
2.214651180009917335e-03 2.511613056956044782e-02 1.379123583228407390e-02 1.132489473727637391e-02
2.233455608437651899e-03 2.469348048267359930e-02 1.354900003551288805e-02 1.114448044716071125e-02
2.252419703783445880e-03 2.427796744567219805e-02 1.331110797621220219e-02 1.096685946945999759e-02
2.271544821766504577e-03 2.386947011644720631e-02 1.307747952509380127e-02 1.079199059135340505e-02
2.290832329617338223e-03 2.346786924319569506e-02 1.284803608712456642e-02 1.061983315607112864e-02
2.310283606175498466e-03 2.307304762751213531e-02 1.262270057074938411e-02 1.045034705676274947e-02
2.329900041988158376e-03 2.268489008816020405e-02 1.240139735776596419e-02 1.028349273039424160e-02
2.349683039409512959e-03 2.230328342551268772e-02 1.218405227383744481e-02 1.011923115167524118e-02
2.369634012701042711e-03 2.192811638664542498e-02 1.197059255962801445e-02 9.957523827017410525e-03
2.389754388132609830e-03 2.155927963107300699e-02 1.176094684254787651e-02 9.798332788525130482e-03
2.410045604084416152e-03 2.119666569711327331e-02 1.155504510909375997e-02 9.641620588019516810e-03
2.430509111149837132e-03 2.084016896886809606e-02 1.135281867777152877e-02 9.487350291096567287e-03
2.451146372239126642e-03 2.048968564380850357e-02 1.115420017258801633e-02 9.335485471220487247e-03
2.471958862683994781e-03 2.014511370095255563e-02 1.095912349709944264e-02 9.185990203853114724e-03
2.492948070343070383e-03 1.980635286962414976e-02 1.076752380900394997e-02 9.038829060620198058e-03
2.514115495708276436e-03 1.947330459878122977e-02 1.057933749526601165e-02 8.893967103515218117e-03
2.535462652012090631e-03 1.914587202690271397e-02 1.039450214776108626e-02 8.751369879141627714e-03
2.556991065335734864e-03 1.882395995242289871e-02 1.021295653942883019e-02 8.611003412994068518e-03
2.578702274718264621e-03 1.850747480470325140e-02 1.003464060092382031e-02 8.472834203779431098e-03
2.600597832266591213e-03 1.819632461553067834e-02 9.859495397752545548e-03 8.336829217778134529e-03
2.622679303266441195e-03 1.789041899113234108e-02 9.687463107886038968e-03 8.202955883246302107e-03
2.644948266294265549e-03 1.758966908469684551e-02 9.518486999837528356e-03 8.071182084859317152e-03
2.667406313330082570e-03 1.729398756939253684e-02 9.352511411195149962e-03 7.941476158197386878e-03
2.690055049871283108e-03 1.700328861187299506e-02 9.189481727599493888e-03 7.813806884273501174e-03
2.712896095047410278e-03 1.671748784626031839e-02 9.029344362156179957e-03 7.688143484104137566e-03
2.735931081735907579e-03 1.643650234859727818e-02 8.872046735274054935e-03 7.564455613323223249e-03
2.759161656678856683e-03 1.616025061175929353e-02 8.717537254919612358e-03 7.442713356839682041e-03
2.782589480600696202e-03 1.588865252081753804e-02 8.565765297278602267e-03 7.322887223538935772e-03
2.806216228326940520e-03 1.562162932884456762e-02 8.416681187815903964e-03 7.204948141028663655e-03
2.830043588903913016e-03 1.535910363315393275e-02 8.270236182724911844e-03 7.088867450429018301e-03
2.854073265719504499e-03 1.510099935196561501e-02 8.126382450757989664e-03 6.974616901207624474e-03
2.878306976624935617e-03 1.484724170148943832e-02 7.985073055429815769e-03 6.862168646059620819e-03
2.902746454057562701e-03 1.459775717341832944e-02 7.846261937585410559e-03 6.751495235832918884e-03
2.927393445164731389e-03 1.435247351282366822e-02 7.709903898324901167e-03 6.642569614498766185e-03
2.952249711928676707e-03 1.411131969644532393e-02 7.575954582277418317e-03 6.535365114167906476e-03
2.977317031292490458e-03 1.387422591136877603e-02 7.444370461216437938e-03 6.429855450152338094e-03
3.002597195287148944e-03 1.364112353408227472e-02 7.315108818009363224e-03 6.326014716072910632e-03
3.028092011159615789e-03 1.341194510990684208e-02 7.188127730894047426e-03 6.223817379012795518e-03
3.053803301502045018e-03 1.318662433279192518e-02 7.063386058075132000e-03 6.123238274716793182e-03
3.079732904382084368e-03 1.296509602547003988e-02 6.940843422633403460e-03 6.024252602836636418e-03
3.105882673474268021e-03 1.274729611996392765e-02 6.820460197741571792e-03 5.926835922222355862e-03
3.132254478192529092e-03 1.253316163843927987e-02 6.702197492179673768e-03 5.830964146259605234e-03
3.158850203823848797e-03 1.232263067439678950e-02 6.586017136143807599e-03 5.736613538252982765e-03
3.185671751663028857e-03 1.211564237419725069e-02 6.471881667341906202e-03 5.643760706855342757e-03
3.212721039148621824e-03 1.191213691891335191e-02 6.359754317370365680e-03 5.552382601542987968e-03
3.239999999999998957e-03 1.171205550650249519e-02 6.249598998365676894e-03 5.462456508136819162e-03
